35 40
201
9 32
10 3
1 6
15 29
6 26
16 7
3 5
9 8
9 20
5 7
15 31
5 29
5 30
6 4
1 7
6 25
7 2
31 30
6 28
31 33
7 5
2 4
15 32
3 3
7 24
3 7
31 29
9 9
6 29
31 34
7 30
8 2
4 5
8 27
9 3
9 29
10 5
7 26
4 6
11 27
9 26
12 7
8 3
10 8
7 4
10 27
9 6
9 23
10 28
5 5
29 29
11 4
30 5
9 33
10 2
28 24
10 7
12 27
7 29
30 7
9 24
30 20
8 4
8 5
30 23
4 4
11 7
29 25
8 32
29 28
11 5
30 33
11 22
16 30
17 26
11 23
12 14
11 9
28 10
7 6
28 14
8 29
28 23
12 29
15 28
32 28
13 26
29 31
11 12
13 30
8 28
12 25
13 32
7 8
14 7
8 31
14 18
30 32
13 33
31 3
14 30
15 26
32 29
12 31
32 32
31 5
16 24
24 8
14 32
16 27
11 30
6 10
28 26
11 31
13 24
12 6
16 29
25 5
26 28
17 31
19 12
13 28
19 24
6 9
32 33
19 28
22 7
27 8
23 28
24 3
17 28
27 6
10 10
28 29
24 4
25 28
6 5
22 10
27 7
25 6
27 28
6 8
21 28
26 4
26 27
15 21
26 30
27 3
10 30
27 5
27 29
28 4
14 33
15 16
28 7
10 22
30 27
10 25
28 25
28 9
8 7
8 22
33 26
10 19
31 26
8 24
29 2
10 31
31 27
32 2
10 33
28 6
8 25
29 18
15 23
29 7
33 30
29 24
10 34
30 4
29 8
30 24
4 8
28 30
4 31
30 26
31 6
32 3
29 3
32 25
17 32
18 27
19 7
32 26
33 31
4 32
18 29
5 3
29 32
33 27