*** Result of the iteration #0 ***
                                        
                                        
       14 3                  3  2       
   4 2  332             2  4 1 44       
  2 2 213  4            3 4 4 4         
   312114 13             2 2  12        
 3  3  4 3  4            4 44  3        
 3 2 2  1 132 3 2  1  3    3344         
    3 22 44             4  4 1          
      4  4 2                4           
      4   1           2     3           
                                        
           1       1                    
                                        
            1               1           
                                        
               2                        
                                        
              1              2          
          4                             
         1                    2         
               2                        
        2 41                            
         4 4   3            3 1         
       121   3  3  3        422         
      4 1 2 4               34  2       
      12 1   3 2 3          1 2123      
        2 242   2 4       1   11 4      
      3 3 1  2 1 3 2 3 1 431 2  2       
     41324  4  41 1        323 33       
     1 3  13 21 2         3 4  2 1      
    1   4 424  3 4           4   3      
    4   11   113 3           32 1       
         23  31               441       
          3                    2        
*** Result of the iteration #1 ***
                                        
                                        
       44 4                  4  4       
   4 4  444             4  4 4 44       
  4 4 444  4            4 4 4 4         
   444444 44             4 4  44        
 4  4  4 4  4            4 44  4        
 4 4 4  4 444 4 4  4  4    4444         
    4 44 44             4  4 4          
      4  4 4                4           
      4   4           4     4           
                                        
           4       4                    
                                        
            4               4           
                                        
               4                        
                                        
              1              2          
          1                             
         1                    3         
               1                        
        1 11                            
         1 1   1            3 3         
       111   1  1  3        333         
      1 1 1 1               33  3       
      11 1   1 1 1          3 3333      
        1 111   1 1       3   33 3      
      1 1 1  1 1 1 1 3 3 333 3  3       
     11111  1  11 1        333 33       
     1 1  11 11 1         3 3  3 3      
    1   1 111  1 1           3   3      
    1   11   111 1           33 3       
         11  11               333       
          1                    3        
*** Result of the iteration #2 ***
                                        
                                        
       44 4                  4  2       
   4 4  444             4  4 4 22       
  4 4 444  4            4 4 4 2         
   444444 44             4 4  22        
 4  4  4 4  4            4 42  2        
 4 4 4  4 444 4 4  4  4    2222         
    4 44 44             4  2 2          
      4  4 4                2           
      4   4           4     2           
                                        
           4       4                    
                                        
            4               2           
                                        
               4                        
                                        
              1              2          
          1                             
         1                    2         
               1                        
        1 11                            
         1 1   1            3 3         
       111   1  1  1        333         
      1 1 1 1               33  3       
      11 1   1 1 1          3 3333      
        1 111   1 1       3   33 3      
      1 1 1  1 1 1 1 3 3 333 3  3       
     11111  1  11 1        333 33       
     1 1  11 11 1         3 3  3 3      
    1   1 111  1 1           3   3      
    1   11   111 1           33 3       
         11  11               333       
          1                    3        
*** Result of the iteration #3 ***
                                        
                                        
       44 4                  2  2       
   4 4  444             2  2 2 22       
  4 4 444  4            2 2 2 2         
   444444 44             2 2  22        
 4  4  4 4  4            2 22  2        
 4 4 4  4 444 4 4  4  2    2222         
    4 44 44             2  2 2          
      4  4 4                2           
      4   4           2     2           
                                        
           4       4                    
                                        
            4               2           
                                        
               4                        
                                        
              1              3          
          1                             
         1                    3         
               1                        
        1 11                            
         1 1   1            3 3         
       111   1  1  1        333         
      1 1 1 1               33  3       
      11 1   1 1 1          3 3333      
        1 111   1 1       3   33 3      
      1 1 1  1 1 1 1 3 3 333 3  3       
     11111  1  11 1        333 33       
     1 1  11 11 1         3 3  3 3      
    1   1 111  1 1           3   3      
    1   11   111 1           33 3       
         11  11               333       
          1                    3        
*** Result of the iteration #4 ***
                                        
                                        
       44 4                  2  2       
   4 4  444             2  2 2 22       
  4 4 444  4            2 2 2 2         
   444444 44             2 2  22        
 4  4  4 4  4            2 22  2        
 4 4 4  4 444 4 4  2  2    2222         
    4 44 44             2  2 2          
      4  4 4                2           
      4   4           2     2           
                                        
           4       2                    
                                        
            4               2           
                                        
               1                        
                                        
              1              3          
          1                             
         1                    3         
               1                        
        1 11                            
         1 1   1            3 3         
       111   1  1  1        333         
      1 1 1 1               33  3       
      11 1   1 1 1          3 3333      
        1 111   1 1       3   33 3      
      1 1 1  1 1 1 1 3 3 333 3  3       
     11111  1  11 1        333 33       
     1 1  11 11 1         3 3  3 3      
    1   1 111  1 1           3   3      
    1   11   111 1           33 3       
         11  11               333       
          1                    3        
